0.13 0.07 0.08 0.05 0.06 0.06 0.08 0.17 0.34 0.39 0.35 0.33 0.46 0.52 0.39 0.51 0.61 0.55 0.58 0.64 0.57 0.74 0.65 0.41
0.05 0.06 0.08 0.06 0.05 0.06 0.11 0.26 0.33 0.32 0.33 0.36 0.43 0.42 0.42 0.48 0.55 0.57 0.52 0.74 0.89 0.89 0.66 0.52
0.05 0.06 0.06 0.06 0.06 0.07 0.16 0.27 0.46 0.51 0.38 0.39 0.33 0.29 0.28 0.41 0.46 0.56 0.66 0.58 0.70 0.61 0.56 0.24
0.09 0.06 0.06 0.08 0.06 0.08 0.12 0.27 0.36 0.34 0.35 0.49 0.55 0.45 0.44 0.49 0.48 0.47 0.60 0.78 0.83 0.86 0.75 0.57
0.06 0.07 0.07 0.11 0.08 0.12 0.19 0.19 0.31 0.33 0.32 0.43 0.42 0.22 0.46 0.41 0.53 0.56 0.74 0.68 0.76 0.77 0.78 0.61
0.07 0.07 0.07 0.06 0.08 0.07 0.08 0.21 0.28 0.37 0.28 0.44 0.37 0.43 0.45 0.39 0.48 0.59 0.82 0.62 0.69 0.73 1.01 0.62
0.13 0.07 0.07 0.07 0.08 0.08 0.17 0.21 0.33 0.39 0.37 0.45 0.55 0.49 0.43 0.42 0.52 0.41 0.53 0.71 0.74 0.62 0.71 0.46
0.12 0.08 0.07 0.09 0.08 0.15 0.15 0.26 0.30 0.55 0.46 0.46 0.52 0.56 0.53 0.49 0.52 0.50 0.79 0.88 0.73 0.74 0.62 0.36
0.17 0.07 0.06 0.06 0.07 0.09 0.16 0.24 0.31 0.41 0.36 0.49 0.58 0.54 0.64 0.49 0.61 0.56 0.76 0.77 0.89 0.93 0.81 0.43
0.17 0.09 0.10 0.06 0.06 0.07 0.17 0.27 0.54 0.46 0.41 0.42 0.53 0.52 0.49 0.58 0.61 0.69 0.75 0.70 0.77 0.81 0.76 0.49
0.15 0.10 0.07 0.06 0.06 0.08 0.10 0.24 0.42 0.50 0.39 0.46 0.35 0.37 0.47 0.55 0.51 0.68 0.65 0.57 0.62 0.65 0.60 0.64
0.09 0.09 0.07 0.07 0.08 0.12 0.15 0.34 0.44 0.55 0.54 0.65 0.45 0.53 0.50 0.44 0.74 0.70 0.79 1.05 0.86 0.84 0.81 0.50
