0.0
0.0
0.0
0.0
0.0
0.0
0.0
353.4
1324.4
1254.9
435.8
161.6
0.0
97.0
0.0
288.2
0.0
0.0
0.0
63.3
93.3
202.0
0.0
0.0
0.0
0.0
0.0
0.0
0.0
0.0
1201.5
290.4
0.0
166.8
0.0
0.0
0.0
0.0
0.0
0.0
0.0
491.2
402.5
796.1
72.8
215.7
0.0
0.0
0.0
0.0
0.0
0.0
0.0
0.0
2097.1
517.2
0.0
0.0
0.0
302.8
80.2
234.1
0.0
0.0
0.0
68.5
949.1
0.0
196.1
39.3
77.3
36.2
0.0
0.0
0.0
0.0
0.0
0.0
696.2
484.8
0.0
395.8
0.0
217.2
0.0
0.0
0.0
0.0
182.6
0.0
0.0
0.0
0.0
0.0
0.0
0.0
0.0
0.0
0.0
0.0
0.0
0.0
0.0
148.9
0.0
0.0
190.9
72.8
250.9
427.8
134.7
0.0
0.0
127.6
90.6
452.1
0.0
0.0
0.0
0.0
0.0
0.0
0.0
0.0
0.0
0.0
0.0
0.0
793.8
0.0
201.2
0.0
262.8
320.6
0.0
324.0
193.4
263.2
0.0
206.6
219.7
0.0
214.9
0.0
0.0
0.0
0.0
0.0
0.0
0.0
0.0
0.0
634.8
166.5
0.0
108.0
690.2
551.7
0.0
0.0
47.2
35.3
364.4
238.3
128.8
179.7
297.9
152.5
0.0
0.0
0.0
0.0
0.0
0.0
0.0
0.0
0.0
0.0
194.4
161.2
231.9
0.0
0.0
274.1
637.9
0.0
0.0
0.0
168.9
0.0
0.0
0.0
0.0
0.0
0.0
0.0
0.0
0.0
0.0
1424.4
17.3
74.2
17.1
0.0
0.0
0.0
0.0
10.0
212.8
0.0
146.9
0.0
333.9
0.0
228.6
569.7
0.0
0.0
0.0
0.0
0.0
0.0
2199.7
480.2
0.0
138.9
280.0
0.0
0.0
0.0
0.0
0.0
0.0
0.0
0.0
830.0
0.0
0.0
0.0
0.0
0.0
0.0
0.0
0.0
453.9
2754.6
970.5
694.8
290.0
227.9
0.0
0.0
0.0
0.0
0.0
0.0
0.0
89.4
534.9
241.7
0.0
0.0
0.0
0.0
0.0
0.0
0.0
0.0
0.0
0.0
0.0
1428.6
633.4
519.4
535.0
0.0
182.2
257.6
2.4
0.0
0.0
0.0
160.8
412.6
458.5
539.7
0.0
25.8
0.0
0.0
268.6
297.4
0.0
0.0
0.0
712.6
547.0
119.0
198.3
423.0
0.0
37.1
637.9
209.3
44.2
0.0
243.7
325.8
432.6
166.3
0.0
252.1
0.0
0.0
0.0
0.0
0.0
0.0
0.0
0.0
316.1
360.6
0.0
0.0
0.0
0.0
0.0
57.7
206.5
114.5
175.2
0.0
181.7
0.0
156.5
295.4
0.0
0.0
0.0
0.0
0.0
808.5
1004.3
909.2
0.0
0.0
0.0
0.0
0.0
0.0
0.0
0.0
0.0
0.0
356.5
149.6
0.0
0.0
211.8
154.3
0.0
0.0
0.0
0.0
0.0
0.0
0.0
168.7
262.6
0.0
116.0
46.3
310.4
371.0
0.0
286.1
0.0
10.6
662.2
946.4
0.0
0.0
0.0
0.0
0.0
0.0
0.0
0.0
0.0
0.0
0.0
0.0
175.3
0.0
206.2
0.0
259.4
0.0
0.0
0.0
0.0
106.7
407.4
211.7
47.1
356.9
315.5
0.0
0.0
0.0
0.0
0.0
0.0
0.0
236.8
1217.0
675.0
137.3
415.4
0.0
0.0
0.0
0.0
0.0
306.4
258.2
0.0
824.0
231.1
0.0
0.0
0.0
0.0
0.0
0.0
0.0
0.0
0.0
0.0
602.5
0.0
102.7
318.0
481.2
0.0
0.0
0.0
0.0
408.8
315.2
0.0
0.0
1072.8
375.1
356.4
0.0
0.0
0.0
0.0
0.0
0.0
0.0
0.0
0.0
0.0
210.4
217.0
530.7
0.0
0.0
264.3
0.0
154.9
0.0
0.0
0.0
810.1
0.0
0.0
0.0
0.0
0.0
0.0
0.0
0.0
1523.2
699.7
1241.5
145.8
277.7
538.4
0.0
0.0
0.0
0.0
444.4
451.5
17.9
216.8
118.2
546.3
174.2
229.3
0.0
0.0
0.0
0.0
0.0
0.0
0.0
0.0
0.0
0.0
0.0
0.0
0.0
0.0
0.0
92.5
0.0
0.0
307.4
240.0
527.9
633.6
0.0
0.0
0.0
0.0
0.0
0.0
0.0
0.0
0.0
275.2
673.2
835.2
501.4
0.0
0.0
0.0
0.0
0.0
0.0
0.0
0.0
0.0
160.1
196.9
327.4
240.5
0.0
0.0
0.0
0.0
0.0
0.0
0.0
870.0
860.9
0.0
457.2
440.9
288.4
306.7
0.0
315.6
517.9
32.3
0.0
0.0
0.0
0.0
0.0
0.0
0.0
0.0
0.0
0.0
0.0
0.0
0.0
0.0
0.0
0.0
0.0
404.0
0.0
0.0
0.0
0.0
397.0
535.5
121.7
254.5
371.8
759.8
217.9
0.0
247.3
0.0
0.0
0.0
0.0
0.0
0.0
1377.4
487.0
717.2
0.0
0.0
0.0
0.0
0.0
361.6
1307.6
0.0
162.7
0.0
322.7
597.7
0.0
0.0
182.0
0.0
0.0
0.0
0.0
0.0
0.0
0.0
412.5
680.1
153.4
385.4
0.0
0.0
0.0
0.0
0.0
0.0
0.0
55.9
0.0
56.4
145.1
0.0
0.0
0.0
0.0
0.0
0.0
0.0
0.0
0.0
0.0
0.0
893.1
0.0
238.9
592.3
0.0
0.0
11.1
0.0
0.0
0.0
1341.0
0.0
114.4
137.2
0.0
0.0
0.0
0.0
0.0
0.0
0.0
2895.1
855.2
961.5
176.2
311.9
0.0
184.9
332.2
0.0
263.2
0.0
19.8
273.7
396.6
0.0
204.6
0.0
0.0
0.0
0.0
0.0
0.0
0.0
0.0
704.1
698.1
656.6
0.0
0.0
0.0
166.1
160.5
0.0
230.2
351.7
158.1
190.7
712.7
102.1
0.0
0.0
0.0
0.0
0.0
0.0
0.0
0.0
0.0
1108.8
846.2
642.4
0.0
433.2
724.8
482.2
462.0
272.7
550.3
177.9
451.7
0.0
0.0
0.0
0.0
242.1
137.0
0.0
0.0
0.0
0.0
0.0
0.0
1201.7
0.0
0.0
0.0
0.0
629.0
705.7
0.0
126.5
0.0
0.0
0.0
0.0
832.3
195.6
365.0
759.2
312.1
0.0
0.0
0.0
0.0
0.0
0.0
1418.9
0.0
484.6
187.6
0.0
565.2
518.9
0.0
628.8
453.8
299.1
0.0
695.5
0.0
134.5
274.4
286.4
0.0
0.0
0.0
0.0
0.0
0.0
0.0
0.0
0.0
0.0
325.8
0.0
26.8
502.5
0.0
40.0
474.8
198.7
163.3
193.9
0.0
797.4
0.0
0.0
329.2
0.0
0.0
0.0
0.0
0.0
0.0
0.0
0.0
0.0
506.5
263.5
59.2
0.0
90.3
249.3
0.0
178.6
0.0
0.0
354.7
447.6
420.7
164.2
461.9
0.0
0.0
101.0
0.0
0.0
1226.5
287.2
673.1
0.0
0.0
0.0
0.0
0.0
0.0
0.0
0.0
0.0
0.0
0.0
0.0
0.0
0.0
0.0
0.0
0.0
0.0
0.0
0.0
0.0
0.0
0.0
827.6
218.3
0.0
0.0
0.0
0.0
0.0
226.8
453.6
114.4
520.2
730.1
208.7
350.2
91.8
194.3
0.0
0.0
0.0
0.0
0.0
0.0
0.0
1503.8
34.8
578.9
0.0
0.0
0.0
0.0
0.0
0.0
431.0
0.0
0.0
0.0
141.8
0.0
65.7
239.2
0.0
0.0
0.0
0.0
0.0
0.0
0.0
296.1
1773.6
0.0
78.3
513.6
0.0
0.0
262.3
214.2
35.6
190.5
0.0
0.0
578.3
0.0
0.0
0.0
0.0
0.0
0.0
0.0
0.0
0.0
0.0
0.0
1091.4
779.7
608.5
522.7
193.8
0.0
155.9
102.2
138.8
0.0
0.0
0.0
241.1
0.0
0.0
184.7
0.0
0.0
0.0
0.0
0.0
0.0
0.0
0.0
0.0
120.3
0.0
0.0
0.0
0.0
158.9
0.0
0.0
0.0
278.6
0.0
0.0
0.0
0.0
0.0
408.9
0.0
0.0
0.0
0.0
0.0
0.0
240.0
645.6
703.6
246.8
408.1
665.1
0.0
0.0
237.7
122.1
90.5
414.5
366.0
273.0
292.9
197.1
0.0
0.0
0.0
0.0
0.0
0.0
71.5
1517.3
0.0
478.6
152.9
0.0
0.0
0.0
1011.2
102.5
173.5
104.5
0.0
715.4
316.8
0.0
262.4
143.8
170.8
0.0
0.0
0.0
0.0
0.0
0.0
0.0
316.2
1999.2
991.8
281.8
0.0
0.0
0.0
634.4
70.5
894.7
0.0
0.0
0.0
0.0
0.0
0.0
189.9
0.0
0.0
0.0
0.0
0.0
0.0
0.0
0.0
183.9
225.6
424.5
58.2
0.0
0.0
0.0
0.0
0.0
0.0
0.0
134.2
255.7
163.9
0.0
109.5
426.6
0.0
0.0
44.0
0.0
0.0
0.0
0.0
1146.7
569.6
58.2
220.7
259.2
223.7
501.0
0.0
108.8
662.5
286.2
0.0
0.0
202.3
0.0
0.0
0.0
0.0
0.0
0.0
0.0
0.0
1327.6
1698.7
997.6
0.0
447.2
0.0
0.0
190.8
338.5
0.0
0.0
0.0
113.7
449.8
527.3
564.0
217.4
215.4
663.5
0.0
0.0
0.0
0.0
0.0
0.0
0.0
1375.4
457.5
650.5
0.0
62.8
0.0
0.0
0.0
0.0
0.0
0.0
0.0
159.7
0.0
0.0
0.0
0.0
0.0
0.0
0.0
0.0
0.0
940.1
0.0
0.0
0.0
481.9
0.0
0.0
0.0
0.0
0.0
0.0
0.0
0.0
0.0
0.0
0.0
106.2
0.0
0.0
27.2
0.0
0.0
0.0
0.0
0.0
0.0
1719.4
1012.9
820.4
0.0
0.0
0.0
0.0
0.0
158.6
401.4
0.0
0.0
408.6
333.6
229.7
744.0
0.0
0.0
0.0
0.0
0.0
0.0
0.0
0.0
0.0
0.0
0.0
0.0
0.0
0.0
0.0
0.0
0.0
0.0
209.7
0.0
0.0
286.9
0.0
0.0
0.0
0.0
0.0
0.0
0.0
0.0
0.0
0.0
294.6
258.2
130.2
0.0
0.0
0.0
0.0
0.0
0.0
0.0
216.2
152.9
316.2
172.4
250.9
158.8
254.6
0.0
0.0
0.0
0.0
0.0
687.5
2709.0
592.3
842.5
583.5
0.0
0.0
0.0
0.0
114.7
25.3
213.6
0.0
0.0
586.3
0.0
291.8
127.1
0.0
0.0
0.0
0.0
0.0
0.0
0.0
0.0
0.0
0.0
0.0
0.0
0.0
0.0
151.9
0.0
129.8
0.0
0.0
0.0
0.0
0.0
0.0
196.2
0.0
0.0
0.0
0.0
0.0
0.0
0.0
0.0
666.6
1345.9
885.1
0.0
0.0
49.9
317.2
114.9
243.1
196.5
0.0
291.9
159.5
279.8
111.7
0.0
0.0
0.0
0.0
0.0
0.0
0.0
0.0
0.0
0.0
0.0
182.4
87.9
0.0
0.0
49.6
217.4
0.0
0.0
0.0
172.7
46.0
147.1
179.4
0.0
0.0
0.0
0.0
0.0
0.0
0.0
0.0
585.8
688.3
955.3
0.0
0.0
0.0
0.0
0.0
0.0
0.0
0.0
0.0
0.0
0.0
0.0
0.0
429.2
0.0
0.0
0.0
0.0
0.0
0.0
291.4
0.0
343.0
0.0
0.0
0.0
240.8
280.5
346.5
0.0
217.2
54.3
289.9
373.0
687.1
74.3
326.5
139.9
0.0
0.0
0.0
0.0
0.0
0.0
0.0
0.0
0.0
0.0
0.0
0.0
0.0
0.0
0.0
0.0
0.0
0.0
0.0
33.8
367.6
1477.9
81.9
65.1
0.0
0.0
0.0
0.0
0.0
0.0
510.6
960.9
813.7
126.0
215.2
255.8
0.0
998.4
256.1
558.5
203.7
113.4
24.4
251.0
436.2
0.0
237.1
356.3
469.4
0.0
0.0
0.0
0.0
590.8
0.0
0.0
0.0
0.0
0.0
0.0
0.0
0.0
0.0
0.0
0.0
0.0
0.0
0.0
0.0
0.0
432.1
0.0
0.0
0.0
0.0
0.0
0.0
0.0
0.0
0.0
723.9
125.8
1147.8
230.7
247.5
224.8
419.9
112.5
0.0
402.2
736.8
315.1
0.0
0.0
0.0
0.0
0.0
0.0
0.0
0.0
0.0
0.0
769.1
826.5
0.0
0.0
0.0
0.0
0.0
0.0
0.0
0.0
0.0
0.0
0.0
0.0
0.0
0.0
0.0
0.0
0.0
0.0
0.0
0.0
133.2
0.0
0.0
0.0
0.0
0.0
441.9
291.5
258.9
563.1
361.5
246.8
114.5
0.0
856.3
1068.4
922.5
0.0
145.0
0.0
0.0
0.0
0.0
0.0
262.7
0.0
2344.2
1951.5
1115.8
0.0
0.0
0.0
0.0
152.5
0.0
0.0
0.0
352.0
212.9
135.6
306.5
310.7
0.0
0.0
0.0
0.0
0.0
0.0
0.0
0.0
0.0
0.0
1496.0
0.0
0.0
0.0
0.0
907.6
374.6
0.0
0.0
0.0
0.0
0.0
0.0
0.0
0.0
0.0
0.0
0.0
0.0
0.0
0.0
0.0
0.0
23.1
920.0
398.4
0.0
192.4
0.0
0.0
0.0
0.0
204.1
112.9
110.8
0.0
93.6
357.2
271.6
190.9
364.7
0.0
0.0
0.0
0.0
0.0
0.0
0.0
0.0
0.0
0.0
0.0
0.0
169.8
0.0
0.0
0.0
0.0
0.0
164.5
199.3
0.0
175.7
0.0
0.0
0.0
0.0
0.0
0.0
0.0
0.0
0.0
0.0
0.0
354.0
709.8
0.0
676.0
0.0
0.0
0.0
0.0
35.6
769.7
168.0
0.0
0.0
0.0
0.0
0.0
0.0
0.0
0.0
0.0
0.0
0.0
740.8
723.8
0.0
0.0
0.0
0.0
0.0
0.0
0.0
402.4
0.0
0.0
0.0
0.0
0.0
0.0
0.0
0.0
0.0
0.0
0.0
0.0
0.0
410.1
0.0
304.4
0.0
0.0
0.0
0.0
0.0
0.0
0.0
0.0
76.2
402.9
478.8
426.8
0.0
260.7
0.0
0.0
0.0
0.0
0.0
0.0
0.0
2884.5
0.0
0.0
0.0
0.0
0.0
0.0
0.0
0.0
0.0
0.0
175.4
265.7
459.9
435.3
224.4
0.0
0.0
0.0
0.0
0.0
0.0
0.0
0.0
1478.3
568.5
548.3
0.0
224.1
161.8
528.9
0.0
0.0
0.0
223.3
0.0
129.2
278.9
243.7
142.6
211.0
0.0
0.0
0.0
0.0
0.0
0.0
0.0
0.0
486.2
223.7
150.1
0.0
0.0
0.0
0.0
0.0
0.0
0.0
0.0
0.0
94.7
500.9
0.0
0.0
0.0
0.0
0.0
0.0
0.0
0.0
0.0
0.0
570.0
342.4
333.0
296.6
156.4
433.9
98.5
0.0
0.0
640.7
0.0
113.3
112.9
166.6
32.1
0.0
166.6
0.0
0.0
0.0
0.0
0.0
0.0
0.0
0.0
0.0
307.8
0.0
228.2
236.3
480.5
195.8
0.0
315.6
171.8
243.0
571.5
652.0
965.2
108.7
0.0
0.0
0.0
0.0
0.0
0.0
0.0
0.0
0.0
0.0
0.0
0.0
0.0
242.9
599.4
0.0
394.6
379.6
0.0
398.7
203.2
806.9
161.1
0.0
0.0
0.0
0.0
0.0
0.0
0.0
560.5
2126.5
201.1
411.8
0.0
64.4
0.0
692.1
342.5
410.8
123.8
40.4
334.8
153.4
208.2
0.0
159.0
3.1
0.0
0.0
0.0
0.0
0.0
0.0
0.0
0.0
0.0
331.4
257.4
100.0
0.0
122.8
537.5
275.4
212.8
170.8
0.0
0.0
0.0
360.4
82.2
0.0
0.0
0.0
0.0
0.0
0.0
0.0
0.0
412.4
0.0
0.0
284.2
0.0
207.5
0.0
207.9
0.0
0.0
0.0
0.0
259.7
0.0
134.7
0.0
0.0
0.0
0.0
0.0
0.0
0.0
0.0
0.0
184.2
640.5
0.0
0.0
0.0
0.0
0.0
0.0
0.0
0.0
222.1
0.0
72.0
748.9
409.4
0.0
0.0
0.0
0.0
0.0
0.0
0.0
0.0
392.0
634.3
1455.2
254.1
133.9
0.0
0.0
0.0
0.0
0.0
97.6
0.0
0.0
143.3
216.2
599.3
57.3
119.3
0.0
0.0
0.0
0.0
147.1
0.0
0.0
0.0
0.0
1342.1
625.1
0.0
0.0
0.0
0.0
309.2
669.4
0.0
0.0
271.0
0.0
423.2
729.0
223.1
0.0
0.0
0.0
0.0
0.0
0.0
0.0
0.0
888.5
0.0
0.0
439.6
0.0
0.0
179.4
52.7
0.0
0.0
0.0
263.3
0.0
0.0
0.0
0.0
0.0
0.0
0.0
0.0
0.0
0.0
240.5
584.6
707.9
0.0
206.6
311.0
195.2
375.6
342.9
536.2
149.0
49.0
123.5
0.0
0.0
277.8
105.8
110.5
0.0
0.0
0.0
0.0
0.0
0.0
0.0
135.1
215.1
1617.5
0.0
0.0
378.0
595.0
346.7
167.9
380.5
0.0
88.7
474.5
499.4
0.0
0.0
112.8
0.0
0.0
0.0
0.0
0.0
0.0
0.0
0.0
574.7
367.1
615.2
0.0
153.2
477.9
70.2
0.0
0.0
0.0
0.0
158.4
599.7
683.3
297.6
507.4
0.0
0.0
0.0
0.0
425.4
0.0
0.0
0.0
0.0
259.4
903.7
634.6
277.5
0.0
337.1
81.8
0.0
460.3
0.0
56.5
291.5
0.0
159.7
0.0
53.5
0.0
0.0
0.0
0.0
0.0
0.0
572.4
0.0
0.0
0.0
0.0
126.8
1117.0
288.4
0.0
0.0
0.0
0.0
188.9
0.0
0.0
0.0
0.0
207.1
0.0
0.0
0.0
0.0
0.0
1393.1
0.0
0.0
0.0
0.0
0.0
283.5
231.3
379.0
0.0
0.0
26.4
0.0
162.7
0.0
0.0
0.0
280.5
86.8
208.2
0.0
0.0
0.0
0.0
0.0
0.0
1028.8
581.2
569.0
0.0
0.0
320.6
269.0
490.1
0.0
0.0
177.1
13.1
503.0
411.9
0.0
0.0
0.0
0.0
0.0
0.0
0.0
0.0
0.0
0.0
749.2
0.0
426.5
0.0
482.7
195.5
134.0
0.0
0.0
0.0
148.7
0.0
510.1
170.2
217.1
0.0
0.0
0.0
0.0
0.0
0.0
0.0
0.0
141.3
622.5
0.0
0.0
0.0
0.0
0.0
0.0
184.3
0.0
474.2
0.0
0.0
0.0
649.1
148.1
111.3
4.4
0.0
0.0
0.0
0.0
0.0
0.0
0.0
0.0
0.0
262.9
193.7
0.0
0.0
0.0
0.0
0.0
0.0
116.4
184.1
921.5
559.3
188.9
0.0
0.0
0.0
0.0
0.0
0.0
0.0
0.0
267.3
349.4
192.7
0.0
0.0
364.6
94.2
159.2
0.0
0.0
62.6
418.0
137.7
837.3
105.2
282.7
0.0
0.0
0.0
0.0
0.0
0.0
0.0
0.0
1721.8
0.0
0.0
0.0
0.0
0.0
0.0
0.0
183.4
178.1
293.5
0.0
79.6
344.2
0.0
0.0
282.8
73.4
0.0
0.0
0.0
0.0
898.0
748.9
0.0
1734.5
737.7
315.9
0.0
0.0
371.5
219.4
166.3
0.0
351.8
470.7
0.0
0.0
336.1
133.8
0.0
0.0
0.0
0.0
0.0
0.0
0.0
258.8
2068.7
1254.0
1088.9
0.0
214.4
684.5
669.5
610.2
596.9
256.6
162.1
172.4
587.0
0.0
0.0
0.0
0.0
0.0
0.0
0.0
0.0
0.0
0.0
411.9
635.6
0.0
0.0
109.4
293.7
743.7
234.3
249.7
220.8
604.0
112.2
146.3
200.7
268.1
0.0
0.0
68.8
169.2
0.0
0.0
0.0
0.0
0.0
0.0
770.7
1614.8
352.3
406.8
687.9
229.3
444.2
0.0
250.9
239.2
0.0
0.0
0.0
594.0
558.8
0.0
0.0
0.0
0.0
0.0
0.0
0.0
0.0
1129.2
797.2
1134.5
778.9
116.2
0.0
546.2
270.5
88.9
0.0
0.0
0.0
0.0
0.0
0.0
0.0
0.0
0.0
0.0
0.0
0.0
0.0
0.0
0.0
1252.3
1780.7
691.3
0.0
272.4
0.0
0.0
214.1
0.0
0.0
0.0
388.4
166.4
380.6
227.4
472.1
0.0
0.0
0.0
0.0
0.0
0.0
0.0
0.0
0.0
473.8
576.4
0.0
0.0
0.0
0.0
0.0
0.0
0.0
0.0
374.8
77.0
0.0
190.4
172.8
0.0
235.9
0.0
0.0
255.9
0.0
0.0
0.0
958.6
0.0
0.0
399.9
412.6
0.0
0.0
0.0
778.6
208.7
412.2
148.2
111.0
0.0
6.2
758.4
282.9
243.1
0.0
0.0
0.0
0.0
0.0
0.0
0.0
0.0
0.0
0.0
0.0
0.0
0.0
404.4
0.0
0.0
121.8
157.2
573.3
0.0
0.0
67.3
166.0
0.0
0.0
0.0
0.0
0.0
0.0
0.0
0.0
0.0
1089.0
0.0
0.0
0.0
83.0
180.3
0.0
710.3
0.0
298.6
224.0
557.9
694.1
0.0
0.0
35.3
0.0
0.0
0.0
0.0
0.0
0.0
420.1
913.7
1313.2
995.2
0.0
0.0
0.0
0.0
0.0
398.3
305.9
0.0
113.2
0.0
319.4
118.8
308.4
0.0
0.0
0.0
0.0
0.0
0.0
0.0
1015.6
1605.5
1678.9
187.2
0.0
0.0
0.0
0.0
0.0
0.0
0.0
543.7
532.1
0.0
129.6
298.6
113.7
0.0
216.8
0.0
0.0
0.0
0.0
0.0
0.0
36.4
919.5
1144.6
0.0
315.4
152.9
0.0
0.0
0.0
0.0
243.8
3.8
125.6
0.0
265.3
0.0
29.1
0.0
0.0
0.0
0.0
0.0
0.0
0.0
0.0
0.0
0.0
0.0
0.0
0.0
0.0
0.0
0.0
0.0
197.7
354.7
257.7
278.1
625.1
126.1
0.0
0.0
0.0
0.0
0.0
0.0
0.0
0.0
2455.1
519.6
615.0
632.8
410.0
0.0
0.0
100.3
545.9
474.0
0.0
0.0
0.0
24.5
400.8
0.0
69.5
380.1
0.0
0.0
0.0
0.0
47.8
0.0
1028.1
2155.4
319.9
307.9
469.7
0.0
133.7
232.9
0.0
233.2
367.8
319.2
760.1
229.6
61.6
560.1
334.6
622.2
0.0
0.0
0.0
0.0
0.0
0.0
1438.0
631.1
111.3
213.5
649.5
163.4
142.2
731.0
0.0
0.0
0.0
0.0
126.6
707.6
408.8
0.0
0.0
0.0
0.0
0.0
0.0
0.0
0.0
0.0
432.6
888.2
947.4
97.2
0.0
0.0
0.0
0.0
0.0
0.0
0.0
0.0
0.0
0.0
0.0
0.0
0.0
0.0
0.0
0.0
0.0
0.0
0.0
0.0
0.0
1434.1
763.9
684.5
23.4
0.0
0.0
0.0
0.0
0.0
459.0
64.5
0.0
0.0
0.0
176.1
0.0
0.0
0.0
0.0
0.0
0.0
0.0
0.0
1697.4
1331.3
803.1
234.5
0.0
0.0
0.0
0.0
0.0
0.0
833.5
0.0
228.7
386.5
0.0
0.0
0.0
0.0
0.0
0.0
0.0
0.0
0.0
0.0
0.0
0.0
893.3
441.1
0.0
0.0
124.5
483.1
65.5
0.0
114.8
533.1
0.0
556.7
517.5
0.0
295.8
78.8
0.0
0.0
0.0
0.0
0.0
0.0
0.0
1834.5
424.7
0.0
701.2
0.0
0.0
337.5
0.0
585.7
0.0
354.7
0.0
289.3
852.1
188.7
157.5
0.0
0.0
0.0
0.0
0.0
0.0
0.0
0.0
0.0
0.0
547.1
269.1
362.2
582.9
106.6
0.0
227.8
103.3
201.4
552.8
437.0
214.0
0.0
199.5
298.6
0.0
0.0
0.0
0.0
0.0
0.0
0.0
0.0
574.2
0.0
0.0
191.6
306.2
761.6
265.4
970.7
193.3
0.0
103.6
0.0
643.6
125.9
229.9
0.0
0.0
0.0
0.0
0.0
0.0
1376.0
2569.3
626.7
190.7
212.3
0.0
0.0
343.1
1.8
0.0
268.0
194.2
351.9
35.0
307.0
0.0
387.8
114.7
0.0
0.0
0.0
0.0
0.0
0.0
939.7
1629.7
469.1
1177.0
276.3
213.7
96.0
981.3
670.4
0.0
196.9
275.4
0.0
0.0
0.0
0.0
0.0
0.0
0.0
0.0
0.0
0.0
0.0
0.0
0.0
0.0
1272.7
0.0
0.0
0.0
0.0
0.0
0.0
0.0
0.0
0.0
0.0
92.8
286.5
383.3
0.0
362.8
348.9
0.0
0.0
0.0
0.0
0.0
313.8
1220.3
235.3
285.5
312.4
0.0
0.0
0.0
94.7
0.0
0.0
0.0
0.0
160.1
0.0
124.4
264.2
0.0
0.0
0.0
0.0
0.0
0.0
0.0
0.0
558.1
517.3
400.8
0.0
98.2
499.8
243.2
9.2
107.5
111.7
0.0
611.0
0.0
0.0
0.0
186.0
0.0
0.0
0.0
0.0
0.0
0.0
0.0
0.0
0.0
696.9
0.0
0.0
0.0
0.0
496.3
0.0
375.0
461.8
345.1
633.0
188.4
495.2
185.1
273.8
0.0
0.0
0.0
0.0
0.0
0.0
0.0
0.0
0.0
0.0
0.0
168.7
0.0
86.8
144.0
324.6
427.0
100.5
214.2
0.0
346.0
496.5
213.4
329.2
243.7
0.0
0.0
0.0
0.0
0.0
0.0
0.0
298.8
1460.2
899.2
303.4
302.3
488.2
721.7
348.9
241.5
504.0
315.8
0.0
333.5
256.1
329.5
78.9
295.4
0.0
0.0
0.0
0.0
0.0
0.0
410.3
239.5
0.0
237.5
0.0
0.0
0.0
466.3
378.1
0.0
109.9
234.8
84.7
0.0
0.0
65.0
187.4
200.6
0.0
0.0
0.0
0.0
0.0
0.0
1888.3
833.8
0.0
0.0
0.0
0.0
0.0
0.0
0.0
0.0
0.0
139.6
38.6
142.4
352.9
0.0
0.0
0.0
0.0
0.0
0.0
0.0
0.0
0.0
930.8
1566.1
455.0
796.3
76.4
0.0
0.0
127.8
0.0
0.0
0.0
150.1
50.1
0.0
63.5
177.4
0.0
0.0
0.0
0.0
472.4
0.0
0.0
0.0
1143.2
2782.4
1849.1
293.3
0.0
397.3
399.6
495.3
0.0
0.0
767.5
601.5
36.6
301.1
637.7
0.0
0.0
0.0
0.0
0.0
0.0
0.0
0.0
151.1
1835.1
0.0
0.0
0.0
0.0
422.4
333.4
518.9
96.8
148.5
233.6
0.0
0.0
159.8
0.0
0.0
0.0
0.0
0.0
0.0
0.0
0.0
0.0
0.0
3617.2
3206.5
477.8
323.5
0.0
436.9
1104.8
800.9
426.6
0.0
0.0
0.0
0.0
0.0
0.0
0.0
0.0
0.0
0.0
0.0
0.0
0.0
0.0
0.0
0.0
2165.2
240.7
217.5
96.1
288.9
314.7
122.3
180.8
0.0
0.0
0.0
231.4
299.9
462.8
0.0
0.0
0.0
0.0
0.0
0.0
0.0
0.0
0.0
0.0
0.0
831.0
200.9
0.0
0.0
0.0
0.0
341.2
168.9
62.9
637.5
0.0
435.6
0.0
370.9
0.0
523.9
82.9
0.0
0.0
0.0
0.0
0.0
0.0
735.1
322.2
573.3
0.0
0.0
0.0
0.0
0.0
0.0
0.0
108.4
112.5
197.1
633.5
0.0
967.0
196.7
0.0
0.0
0.0
0.0
0.0
0.0
0.0
0.0
0.0
0.0
0.0
0.0
0.0
0.0
0.0
0.0
380.8
0.0
0.0
265.6
176.2
0.0
156.2
146.0
0.0
0.0
0.0
0.0
0.0
0.0
0.0
492.2
821.2
19.5
240.9
10.1
0.0
0.0
0.0
361.6
1236.0
641.3
64.0
231.7
0.0
628.3
145.9
177.3
0.0
0.0
0.0
0.0
0.0
0.0
0.0
0.0
0.0
104.5
1141.5
280.5
0.0
0.0
0.0
0.0
0.0
0.0
0.0
0.0
0.0
0.0
0.0
0.0
0.0
0.0
0.0
0.0
0.0
0.0
246.5
0.0
1267.0
0.0
0.0
0.0
954.2
786.2
233.5
0.0
0.0
0.0
0.0
0.0
0.0
0.0
181.7
809.7
0.0
0.0
0.0
0.0
0.0
0.0
0.0
0.0
441.9
202.9
0.0
0.0
0.0
0.0
0.0
0.0
0.0
235.3
689.7
0.0
481.6
1164.7
338.8
0.0
0.0
0.0
0.0
0.0
0.0
0.0
1797.0
1963.0
402.5
290.9
0.0
0.0
386.8
452.6
0.0
0.0
0.0
0.0
0.0
0.0
1551.8
589.7
0.0
0.0
0.0
0.0
0.0
0.0
0.0
0.0
0.0
0.0
647.3
305.9
0.0
568.6
329.2
346.1
124.9
0.0
0.0
0.0
0.0
130.0
374.8
587.5
0.0
0.0
0.0
0.0
0.0
0.0
0.0
0.0
0.0
286.7
1027.7
170.6
460.8
0.0
320.7
0.0
0.0
0.0
0.0
0.0
0.0
125.2
136.3
195.9
314.9
0.0
0.0
0.0
0.0
0.0
0.0
0.0
0.0
0.0
0.0
183.6
0.0
0.0
182.4
93.8
0.0
516.9
0.0
0.0
627.9
0.0
330.6
166.4
0.0
343.6
0.0
0.0
0.0
0.0
0.0
0.0
0.0
0.0
190.9
1145.0
382.6
308.8
131.3
0.0
188.4
372.3
81.7
101.9
450.7
396.5
0.0
340.9
0.0
230.9
280.0
0.0
0.0
0.0
0.0
0.0
0.0
0.0
230.3
0.0
290.2
305.9
125.4
0.0
128.9
670.0
525.1
36.2
123.0
0.0
381.2
438.3
129.1
0.0
0.0
0.0
0.0
0.0
0.0
0.0
0.0
0.0
0.0
0.0
0.0
0.0
0.0
0.0
0.0
0.0
149.8
0.0
305.5
0.0
237.0
811.2
0.0
0.0
0.0
0.0
0.0
0.0
0.0
0.0
0.0
0.0
797.2
181.2
205.8
0.0
0.0
0.0
0.0
0.0
0.0
103.0
14.9
0.0
0.0
591.6
134.2
280.1
35.9
0.0
0.0
0.0
0.0
0.0
0.0
0.0
0.0
226.4
0.0
279.8
0.0
0.0
0.0
0.0
0.0
0.0
0.0
191.7
290.1
0.0
0.0
0.0
0.0
0.0
0.0
0.0
0.0
0.0
0.0
0.0
868.5
0.0
187.7
0.0
89.1
227.7
0.0
181.6
0.0
0.0
0.0
674.4
408.9
183.2
356.8
0.0
0.0
0.0
0.0
0.0
0.0
0.0
0.0
0.0
0.0
544.9
0.0
842.6
448.0
614.4
260.9
247.9
135.0
95.5
0.0
0.0
302.7
240.1
0.0
62.8
150.6
0.0
0.0
0.0
0.0
0.0
0.0
0.0
0.0
230.4
298.6
257.4
322.0
0.0
74.9
173.3
404.7
179.4
194.2
0.0
459.3
294.7
261.2
172.1
0.0
0.0
0.0
0.0
0.0
0.0
0.0
0.0
0.0
0.0
0.0
190.8
583.7
0.0
528.6
0.0
319.5
225.3
231.1
0.0
347.4
0.0
180.9
0.0
0.0
0.0
0.0
0.0
0.0
0.0
0.0
58.2
1999.0
302.3
894.7
344.9
196.7
0.0
0.0
218.0
0.0
0.0
0.0
0.0
62.5
569.0
0.0
0.0
0.0
0.0
0.0
0.0
0.0
0.0
0.0
1644.9
838.5
162.2
0.0
0.0
0.0
0.0
0.0
0.0
0.0
0.0
0.0
0.0
0.0
0.0
202.0
239.6
0.0
0.0
0.0
0.0
0.0
0.0
0.0
0.0
0.0
0.0
635.1
16.9
353.6
388.1
77.2
833.6
0.0
0.0
264.1
11.0
0.0
239.9
0.0
0.0
0.0
0.0
0.0
0.0
0.0
7.0
0.0
0.0
0.0
218.4
0.0
0.0
0.0
0.0
0.0
117.5
0.0
178.7
221.8
51.9
0.0
232.0
600.2
0.0
0.0
0.0
0.0
0.0
0.0
0.0
0.0
0.0
0.0
0.0
238.3
0.0
0.0
0.0
0.0
0.0
0.0
0.0
329.2
26.9
118.9
278.3
435.0
630.4
119.0
0.0
0.0
0.0
0.0
0.0
0.0
1551.9
521.8
386.5
244.9
245.1
180.3
0.0
96.5
251.9
0.0
0.0
0.0
0.0
237.7
282.6
0.0
0.0
485.3
0.0
0.0
0.0
0.0
0.0
0.0
922.4
918.2
546.1
0.0
0.0
0.0
0.0
0.0
321.6
63.4
330.6
0.0
0.0
335.1
92.6
260.9
213.9
0.0
0.0
0.0
0.0
0.0
0.0
495.1
0.0
402.9
0.0
443.8
223.8
0.0
0.0
0.0
0.0
0.0
0.0
0.0
252.1
254.7
270.8
403.4
497.8
0.0
0.0
0.0
0.0
0.0
0.0
0.0
0.0
611.5
0.0
192.4
627.2
76.7
0.0
62.7
25.4
0.0
359.8
0.0
0.0
875.6
237.8
31.1
294.2
205.1
0.0
0.0
0.0
560.5
0.0
0.0
967.4
195.0
0.0
0.0
0.0
0.0
0.0
0.0
0.0
0.0
223.9
274.2
279.0
282.1
585.2
115.5
0.0
0.0
0.0
0.0
0.0
0.0
0.0
0.0
990.5
626.1
216.9
0.0
0.0
443.8
733.0
0.0
0.0
0.0
0.0
0.0
247.1
0.0
0.0
0.0
0.0
0.0
0.0
0.0
0.0
0.0
193.1
0.0
0.0
878.0
377.9
220.3
208.4
334.1
552.0
0.0
0.0
0.0
135.9
0.0
0.0
271.2
499.2
0.0
599.6
0.0
0.0
0.0
0.0
0.0
0.0
0.0
0.0
0.0
418.0
0.0
172.2
692.8
385.1
1107.5
265.3
200.0
322.5
0.0
0.0
220.0
1255.2
181.0
142.6
187.4
0.0
0.0
0.0
0.0
0.0
1501.3
1212.8
171.7
0.0
0.0
94.0
0.0
495.5
429.7
73.0
103.0
412.3
0.0
126.2
122.9
271.5
79.0
0.0
0.0
0.0
0.0
0.0
0.0
0.0
0.0
0.0
294.1
659.4
353.4
394.0
0.0
180.5
361.8
171.8
0.0
0.0
0.0
85.0
391.5
0.0
240.7
19.2
219.9
0.0
0.0
0.0
0.0
0.0
0.0
0.0
0.0
0.0
0.0
0.0
0.0
650.6
386.1
32.4
0.0
0.0
314.8
186.1
397.0
0.0
0.0
0.0
0.0
0.0
0.0
0.0
0.0
0.0
0.0
0.0
0.0
0.0
0.0
0.0
211.0
115.1
664.0
0.0
0.0
138.0
0.0
542.4
57.3
0.0
0.0
0.0
0.0
0.0
0.0
0.0
0.0
0.0
1452.7
529.3
1509.5
450.4
269.1
235.6
71.1
622.0
393.2
329.1
242.7
230.8
295.6
49.1
175.7
201.5
0.0
0.0
0.0
0.0
0.0
0.0
0.0
0.0
0.0
0.0
201.8
0.0
0.0
0.0
0.0
0.0
240.1
0.0
0.0
0.0
0.0
146.0
126.5
66.7
340.2
172.2
279.1
0.0
0.0
0.0
0.0
0.0
0.0
0.0
0.0
673.2
517.1
0.0
0.0
134.6
0.0
143.9
0.0
0.0
0.0
0.0
0.0
0.0
207.6
0.0
0.0
0.0
0.0
0.0
0.0
122.7
1426.9
2774.6
988.5
547.0
0.0
0.0
0.0
321.4
165.0
0.0
0.0
616.3
502.1
245.3
0.0
0.0
111.1
0.0
0.0
0.0
0.0
0.0
0.0
0.0
0.0
0.0
273.9
409.1
0.0
0.0
0.0
0.0
0.0
0.0
0.0
91.2
334.6
267.5
0.0
126.8
0.0
0.0
0.0
0.0
0.0
0.0
0.0
0.0
0.0
0.0
279.3
209.7
0.0
0.0
0.0
0.0
0.0
137.7
94.0
566.2
0.0
199.8
0.0
0.0
523.3
122.7
0.0
0.0
0.0
0.0
0.0
0.0
0.0
619.3
527.8
814.7
0.0
0.0
0.0
0.0
0.0
413.9
207.6
143.1
375.5
0.0
0.0
0.0
228.9
249.7
0.0
0.0
0.0
0.0
0.0
0.0
0.0
0.0
821.8
761.8
57.3
0.0
0.0
0.0
0.0
0.0
0.0
0.0
296.2
0.0
295.2
211.6
0.0
0.0
0.0
0.0
0.0
0.0
0.0
0.0
0.0
0.0
607.8
206.1
0.0
232.1
571.5
0.0
0.0
0.0
330.3
0.0
41.5
0.0
330.2
0.0
191.6
182.4
85.7
0.0
0.0
0.0
0.0
0.0
0.0
0.0
0.0
0.0
280.8
116.2
0.0
0.0
0.0
0.0
0.0
190.8
0.0
138.5
0.0
150.2
255.5
135.3
260.4
0.0
0.0
0.0
0.0
0.0
0.0
0.0
330.4
446.0
155.7
293.0
35.3
370.0
157.9
0.0
289.1
0.0
0.0
0.0
121.5
576.5
930.9
0.0
0.0
0.0
0.0
0.0
0.0
0.0
0.0
0.0
620.0
0.0
170.8
0.0
0.0
0.0
558.5
0.0
0.0
0.0
0.0
14.9
582.2
0.0
0.0
0.0
0.0
0.0
0.0
0.0
0.0
0.0
269.9
2589.7
936.8
508.5
0.0
0.0
0.0
0.0
0.0
0.0
219.7
196.1
314.1
428.5
239.4
235.8
665.1
0.0
0.0
0.0
0.0
0.0
0.0
0.0
864.5
1640.2
416.4
0.0
102.4
187.2
0.0
154.1
222.8
91.4
177.8
418.0
416.6
320.1
120.2
460.8
110.1
251.5
0.0
0.0
0.0
0.0
0.0
0.0
0.0
0.0
0.0
0.0
481.1
0.0
0.0
0.0
81.7
0.0
341.5
705.3
715.6
697.6
171.8
0.0
0.0
0.0
0.0
0.0
0.0
0.0
0.0
0.0
0.0
169.8
1745.8
387.0
315.1
358.2
0.0
0.0
0.0
263.1
0.0
0.0
0.0
0.0
0.0
355.5
0.0
130.3
0.0
0.0
0.0
0.0
0.0
0.0
578.0
0.0
0.0
0.0
0.0
0.0
709.0
228.3
0.0
207.9
0.0
98.8
279.8
376.6
331.0
762.0
0.0
738.1
0.0
0.0
0.0
0.0
0.0
0.0
0.0
51.5
635.6
711.4
480.4
0.0
108.3
314.6
367.3
0.0
240.2
0.0
436.7
80.5
116.2
0.0
95.2
200.3
0.0
0.0
0.0
0.0
0.0
0.0
0.0
0.0
525.4
0.0
367.2
0.0
79.0
317.4
818.2
0.0
149.1
0.0
0.0
433.6
0.0
0.0
0.0
137.8
28.6
0.0
0.0
0.0
0.0
0.0
0.0
0.0
0.0
0.0
112.0
378.2
70.2
612.5
328.4
751.2
168.8
29.5
148.3
221.6
862.9
0.0
393.6
0.0
0.0
0.0
0.0
0.0
0.0
0.0
0.0
0.0
0.0
0.0
0.0
0.0
0.0
0.0
0.0
55.2
156.3
743.3
55.0
301.6
0.0
552.3
77.8
0.0
0.0
0.0
0.0
0.0
0.0
0.0
0.0
1404.3
1713.8
197.3
426.8
73.2
108.6
277.8
253.1
0.0
0.0
57.3
66.5
395.7
448.0
319.2
0.0
0.0
0.0
0.0
0.0
0.0
0.0
0.0
0.0
0.0
1041.7
1030.2
316.1
87.0
307.7
435.1
229.5
188.0
278.6
144.9
200.2
0.0
0.0
251.5
266.6
312.2
0.0
0.0
0.0
0.0
0.0
0.0
0.0
394.5
466.6
658.6
82.4
375.9
75.3
0.0
0.0
314.7
0.0
362.9
216.1
436.8
447.2
0.0
495.4
0.0
0.0
169.3
0.0
0.0
0.0
0.0
0.0
1667.3
751.9
290.4
0.0
711.6
256.6
1004.2
0.0
240.2
324.2
97.2
0.0
305.9
550.9
754.5
0.0
0.0
0.0
0.0
0.0
0.0
0.0
0.0
0.0
600.2
0.0
0.0
0.0
0.0
0.0
106.8
258.6
231.4
167.6
0.0
83.6
204.8
232.9
178.6
134.1
0.0
0.0
0.0
0.0
0.0
235.8
0.0
0.0
0.0
241.0
823.3
143.9
0.0
0.0
0.0
0.0
0.0
139.8
108.7
201.6
0.0
129.6
0.0
0.0
0.0
0.0
0.0
0.0
0.0
0.0
0.0
0.0
904.1
605.3
291.2
0.0
0.0
0.0
0.0
0.0
0.0
0.0
127.0
292.9
0.0
0.0
0.0
0.0
0.0
0.0
0.0
0.0
0.0
0.0
0.0
0.0
263.3
875.6
579.5
79.8
0.0
0.0
0.0
86.1
435.2
233.2
289.4
0.0
52.7
0.0
202.3
0.0
0.0
205.1
0.0
0.0
0.0
0.0
0.0
0.0
249.4
791.0
0.0
0.0
218.6
0.0
0.0
175.6
0.0
0.0
0.0
0.0
364.4
704.3
241.4
319.1
216.1
0.0
0.0
0.0
0.0
0.0
0.0
0.0
0.0
0.0
0.0
0.0
247.3
189.8
0.0
0.0
307.9
37.0
0.0
294.4
0.0
353.9
0.0
0.0
0.0
0.0
0.0
0.0
0.0
0.0
0.0
0.0
0.0
307.9
219.6
30.9
263.4
361.7
229.7
190.3
0.0
711.4
0.0
0.0
672.3
405.6
198.2
269.8
0.0
0.0
0.0
0.0
0.0
0.0
0.0
2389.5
622.4
600.9
302.7
0.0
0.0
0.0
0.0
0.0
0.0
0.0
525.8
0.0
0.0
0.0
491.5
0.0
0.0
0.0
0.0
0.0
0.0
0.0
0.0
0.0
0.0
170.5
138.0
0.0
0.0
0.0
0.0
0.0
0.0
0.0
0.0
266.1
290.0
409.2
393.2
192.9
0.0
301.2
0.0
0.0
0.0
0.0
0.0
0.0
1029.8
0.0
265.4
161.2
0.0
0.0
0.0
0.0
0.0
0.0
0.0
0.0
316.4
296.5
666.8
0.0
206.7
168.7
0.0
0.0
0.0
0.0
0.0
408.2
2588.7
246.4
0.0
169.9
323.5
0.0
0.0
0.0
0.0
699.6
81.8
23.3
651.6
0.0
0.0
0.0
191.9
0.0
0.0
0.0
0.0
0.0
0.0
622.2
0.0
0.0
777.2
0.0
0.0
0.0
0.0
0.0
0.0
324.9
0.0
335.8
497.3
1310.1
0.0
0.0
0.0
0.0
0.0
0.0
0.0
0.0
0.0
0.0
0.0
473.4
224.2
206.2
0.0
175.6
0.0
0.0
0.0
0.0
0.0
0.0
0.0
196.2
0.0
243.3
129.1
0.0
0.0
0.0
0.0
0.0
0.0
328.1
1376.5
1067.3
222.6
0.0
0.0
0.0
0.0
0.0
0.0
0.0
0.0
315.4
0.0
0.0
276.1
646.2
0.0
0.0
0.0
0.0
0.0
0.0
0.0
440.8
996.4
258.3
0.0
0.0
260.4
0.0
0.0
0.0
0.0
93.3
0.0
100.7
196.9
470.8
0.0
0.0
0.0
431.5
0.0
0.0
0.0
0.0
0.0
0.0
0.0
0.0
136.3
135.3
0.0
159.3
420.3
143.4
0.0
0.0
51.2
306.7
249.1
0.0
0.0
0.0
0.0
0.0
0.0
0.0
0.0
0.0
0.0
0.0
1222.2
888.8
0.0
131.6
0.0
0.0
0.0
0.0
0.0
0.0
0.0
70.7
585.8
221.1
0.0
0.0
0.0
0.0
0.0
0.0
0.0
0.0
0.0
0.0
188.9
492.2
904.6
202.5
246.9
216.9
542.1
146.2
0.0
264.5
71.2
102.9
82.6
0.0
780.3
0.0
0.0
0.0
0.0
0.0
0.0
0.0
0.0
0.0
0.0
0.0
596.0
0.0
412.7
423.9
0.0
0.0
0.0
363.8
0.0
191.4
0.0
0.0
576.2
0.0
97.4
0.0
0.0
0.0
0.0
0.0
0.0
0.0
234.7
1323.1
177.0
0.0
188.3
119.3
0.0
0.0
0.0
0.0
0.0
0.0
0.0
0.0
1497.7
0.0
0.0
241.0
0.0
0.0
0.0
0.0
0.0
0.0
220.9
1426.6
625.1
0.0
0.0
0.0
0.0
0.0
173.4
550.2
86.0
634.2
250.1
270.9
0.0
0.0
0.0
0.0
0.0
0.0
0.0
0.0
0.0
0.0
0.0
0.0
235.8
0.0
172.8
218.0
423.1
0.0
774.8
0.0
0.0
0.0
0.0
129.1
0.0
200.1
0.0
0.0
0.0
0.0
0.0
0.0
0.0
0.0
548.1
2075.3
120.5
415.6
656.4
47.2
0.0
286.1
102.2
274.6
166.2
0.0
0.0
0.0
234.7
288.4
0.0
0.0
0.0
0.0
0.0
0.0
0.0
0.0
0.0
0.0
0.0
0.0
0.0
0.0
0.0
103.3
83.2
183.7
175.4
0.0
0.0
0.0
33.2
0.0
37.4
278.7
0.0
0.0
0.0
0.0
0.0
0.0
0.0
0.0
0.0
118.8
493.9
0.0
0.0
0.0
0.0
0.0
165.4
0.0
0.0
0.0
551.5
422.0
0.0
0.0
0.0
0.0
0.0
0.0
0.0
0.0
0.0
0.0
0.0
0.0
261.2
302.9
0.0
287.4
0.0
0.0
0.0
0.0
0.0
0.0
0.0
0.0
0.0
0.0
0.0
0.0
0.0
0.0
0.0
0.0
527.3
1195.0
423.8
0.0
0.0
0.0
0.0
0.0
333.9
74.6
153.3
0.0
0.0
0.0
358.1
494.3
118.2
82.2
0.0
0.0
0.0
0.0
0.0
0.0
274.4
0.0
0.0
0.0
0.0
0.0
0.0
0.0
0.0
0.0
111.5
0.0
0.0
0.0
368.3
726.0
340.1
0.0
0.0
0.0
0.0
0.0
0.0
0.0
0.0
0.0
0.0
0.0
0.0
0.0
0.0
0.0
0.0
0.0
648.4
187.2
0.0
0.0
0.0
250.2
218.5
0.0
0.0
0.0
0.0
0.0
0.0
0.0
0.0
943.2
733.9
176.0
0.0
0.0
0.0
0.0
111.7
0.0
0.0
0.0
169.5
0.0
708.7
321.2
0.0
0.0
0.0
0.0
0.0
0.0
0.0
0.0
0.0
200.4
158.9
561.5
0.0
284.9
0.0
688.0
318.1
657.6
13.8
177.0
0.0
246.9
0.0
127.3
0.0
0.0
0.0
0.0
0.0
0.0
0.0
0.0
49.5
170.5
0.0
0.0
0.0
0.0
469.7
0.0
0.0
0.0
0.0
0.0
0.0
140.9
296.9
215.5
0.0
0.0
0.0
0.0
0.0
0.0
0.0
0.0
0.0
0.0
0.0
0.0
272.8
97.5
0.0
302.2
380.2
0.0
176.2
652.5
131.2
267.8
0.0
262.3
0.0
0.0
0.0
0.0
0.0
0.0
0.0
0.0
532.8
0.0
0.0
61.3
0.0
0.0
32.1
181.2
232.6
0.0
96.7
484.1
454.7
220.0
0.0
44.9
77.8
0.0
0.0
0.0
0.0
0.0
0.0
0.0
440.8
1635.8
0.0
0.0
0.0
0.0
0.0
265.9
95.5
191.7
542.0
203.0
0.0
0.0
172.7
277.3
130.4
0.0
0.0
0.0
0.0
0.0
0.0
0.0
0.0
160.8
220.2
497.4
239.7
0.0
0.0
0.0
0.0
65.0
98.3
74.7
0.0
628.5
257.0
308.9
0.0
0.0
0.0
0.0
0.0
0.0
0.0
0.0
965.5
149.2
190.5
198.2
0.0
0.0
147.8
0.0
489.6
267.1
230.4
217.8
271.8
787.8
0.0
300.9
0.0
0.0
0.0
0.0
0.0
0.0
0.0
0.0
0.0
0.0
509.8
269.9
0.0
0.0
180.2
453.1
0.0
569.3
0.0
114.0
211.7
259.5
0.0
95.1
76.5
0.0
0.0
0.0
0.0
0.0
399.0
617.8
0.0
0.0
0.0
392.8
395.7
831.8
370.2
0.0
0.0
0.0
0.0
0.0
189.6
920.4
189.6
185.7
202.7
0.0
0.0
0.0
0.0
0.0
0.0
496.5
0.0
0.0
0.0
0.0
71.8
160.5
193.7
162.4
0.0
0.0
0.0
0.0
0.0
0.0
0.0
0.0
478.9
0.0
0.0
0.0
0.0
0.0
0.0
0.0
0.0
833.5
249.0
96.0
97.1
233.1
356.6
0.0
0.0
451.8
127.2
250.4
141.5
178.9
0.0
0.0
0.0
0.0
0.0
0.0
0.0
0.0
0.0
0.0
1576.6
0.0
0.0
0.0
0.0
0.0
0.0
0.0
0.0
0.0
0.0
0.0
0.0
0.0
0.0
0.0
0.0
0.0
0.0
0.0
0.0
0.0
0.0
0.0
0.0
329.2
767.1
0.0
0.0
495.0
0.0
646.3
105.7
441.1
0.0
0.0
0.0
0.0
0.0
0.0
259.1
319.1
0.0
0.0
0.0
0.0
0.0
0.0
324.3
0.0
0.0
0.0
0.0
0.0
0.0
0.0
0.0
0.0
0.0
0.0
233.6
0.0
191.9
242.5
139.8
0.0
0.0
0.0
0.0
0.0
0.0
0.0
0.0
0.0
0.0
0.0
0.0
0.0
0.0
0.0
183.1
336.2
24.1
0.0
109.7
374.9
0.0
0.0
0.0
0.0
0.0
0.0
0.0
0.0
81.5
0.0
0.0
236.9
0.0
0.0
0.0
0.0
180.4
290.9
68.7
73.3
0.0
0.0
0.0
0.0
557.4
0.0
385.5
0.0
0.0
0.0
0.0
0.0
0.0
0.0
0.0
450.6
105.6
260.4
481.2
130.3
204.1
0.0
0.0
485.9
711.2
140.3
68.7
0.0
0.0
100.8
0.0
0.0
0.0
0.0
0.0
0.0
0.0
0.0
0.0
961.3
270.4
0.0
0.0
194.9
0.0
350.5
358.2
0.0
0.0
0.0
276.6
0.0
0.0
60.9
0.0
0.0
0.0
0.0
0.0
0.0
0.0
0.0
423.1
271.9
0.0
0.0
0.0
0.0
0.0
0.0
222.5
0.0
0.0
0.0
0.0
152.0
340.6
201.4
0.0
0.0
0.0
0.0
0.0
0.0
0.0
0.0
469.3
0.0
0.0
0.0
0.0
0.0
0.0
0.0
0.0
0.0
0.0
0.0
0.0
0.0
0.0
0.0
0.0
0.0
0.0
0.0
0.0
0.0
0.0
0.0
145.8
563.2
439.8
0.0
0.0
239.1
174.1
0.0
0.0
0.0
0.0
0.0
0.0
43.9
155.2
0.0
284.3
0.0
0.0
0.0
0.0
116.3
0.0
0.0
870.2
970.2
188.2
0.0
0.0
0.0
0.0
0.0
0.0
0.0
0.0
0.0
652.0
216.0
365.0
145.5
128.0
0.0
0.0
0.0
0.0
0.0
23.6
1959.6
1425.1
0.0
0.0
0.0
0.0
0.0
0.0
0.0
0.0
0.0
0.0
453.1
0.0
0.0
0.0
0.0
0.0
0.0
0.0
0.0
0.0
0.0
0.0
0.0
310.5
872.7
882.2
620.3
86.0
158.5
528.0
191.7
0.0
0.0
0.0
0.0
0.0
0.0
85.5
63.0
0.0
0.0
0.0
0.0
0.0
0.0
0.0
0.0
0.0
160.7
624.4
199.4
177.3
0.0
0.0
620.2
381.5
353.3
115.6
100.0
0.0
0.0
0.0
0.0
145.9
0.0
0.0
0.0
0.0
0.0
0.0
507.9
2035.3
1035.8
974.3
0.0
0.0
0.0
604.3
25.6
0.0
0.0
0.0
158.3
0.0
0.0
0.0
0.0
0.0
0.0
0.0
0.0
0.0
0.0
0.0
0.0
0.0
0.0
589.8
0.0
0.0
101.1
0.0
159.8
0.0
348.7
223.3
240.4
0.0
0.0
0.0
0.0
0.0
0.0
0.0
0.0
0.0
0.0
0.0
0.0
1843.5
866.5
77.8
330.5
222.7
162.7
0.0
99.7
503.1
236.5
64.4
163.7
0.0
0.0
263.1
155.0
105.1
0.0
0.0
0.0
0.0
0.0
0.0
0.0
0.0
744.1
0.0
0.0
0.0
0.0
0.0
0.0
0.0
0.0
0.0
82.0
155.2
151.2
388.4
162.2
102.7
194.7
0.0
0.0
0.0
0.0
0.0
0.0
1336.9
2018.1
191.4
557.3
180.8
0.0
0.0
253.2
0.0
211.9
0.0
242.6
0.0
409.4
271.1
703.5
329.2
0.0
0.0
0.0
0.0
0.0
0.0
0.0
556.0
1213.1
544.0
608.2
114.0
0.0
0.0
0.0
0.0
52.1
204.9
85.9
230.9
308.4
430.5
0.0
0.0
0.0
0.0
0.0
0.0
0.0
0.0
0.0
0.0
0.0
0.0
0.0
0.0
0.0
0.0
0.0
0.0
3.9
514.6
0.0
341.6
0.0
247.3
151.8
0.0
0.0
0.0
0.0
0.0
0.0
0.0
0.0
0.0
0.0
284.3
0.0
0.0
0.0
0.0
0.0
0.0
0.0
173.7
0.0
4.8
272.3
0.0
898.3
0.0
548.7
0.0
0.0
0.0
0.0
0.0
0.0
612.9
495.0
550.4
276.9
579.4
524.3
154.5
0.0
0.0
177.8
0.0
530.8
583.1
0.0
0.0
0.0
97.6
0.0
0.0
0.0
0.0
0.0
0.0
1239.1
1729.8
613.1
170.4
0.0
0.0
0.0
0.0
0.0
0.0
0.0
147.3
0.0
69.5
193.6
323.2
0.0
0.0
0.0
0.0
0.0
0.0
0.0
0.0
861.9
1728.5
989.1
0.0
0.0
77.0
0.0
334.6
0.0
0.0
0.0
0.0
0.0
134.2
0.0
0.0
0.0
91.8
215.6
0.0
0.0
0.0
0.0
0.0
0.0
2389.2
791.9
355.3
111.5
346.3
168.1
482.5
0.0
624.9
395.5
190.3
0.0
17.4
0.0
571.2
203.1
183.2
561.5
0.0
0.0
0.0
0.0
0.0
0.0
0.0
1144.4
999.7
239.9
0.0
0.0
62.7
184.5
0.0
196.5
146.8
159.6
0.0
805.8
93.6
493.4
0.0
279.5
0.0
0.0
0.0
0.0
0.0
0.0
0.0
161.7
0.0
0.0
149.2
0.0
0.0
0.0
242.9
311.7
387.7
0.0
110.9
0.0
252.7
144.9
0.0
0.0
0.0
0.0
0.0
0.0
0.0
0.0
0.0
563.9
0.0
0.0
0.0
0.0
70.7
409.0
0.0
0.0
0.0
0.0
0.0
0.0
0.0
0.0
0.0
0.0
0.0
0.0
0.0
0.0
0.0
0.0
0.0
569.1
203.4
167.8
195.6
0.0
0.0
0.0
0.0
0.0
0.0
0.0
312.9
0.0
668.2
93.9
344.1
49.4
0.0
0.0
0.0
0.0
0.0
0.0
1442.7
480.7
0.0
817.5
156.8
0.0
253.2
105.6
177.5
0.0
0.0
85.8
0.0
353.9
272.5
174.3
0.0
0.0
0.0
0.0
0.0
0.0
0.0
640.4
1445.4
0.0
0.0
0.0
0.0
241.5
275.2
0.0
0.0
0.0
0.0
282.1
0.0
1003.7
0.0
0.0
401.8
225.1
0.0
0.0
0.0
0.0
0.0
947.2
1580.2
526.6
0.0
0.0
388.0
163.6
470.6
452.7
555.6
308.8
0.0
0.0
0.0
0.0
524.3
0.0
0.0
0.0
0.0
0.0
0.0
0.0
0.0
0.0
0.0
0.0
0.0
0.0
118.4
0.0
0.0
0.0
0.0
0.0
0.0
0.0
0.0
0.0
220.4
0.0
0.0
0.0
0.0
0.0
0.0
0.0
0.0
0.0
0.0
608.4
605.6
0.0
191.3
0.0
0.0
0.0
0.0
0.0
0.0
0.0
0.0
0.0
228.5
265.0
0.0
0.0
0.0
0.0
0.0
0.0
0.0
0.0
0.0
717.5
912.1
207.7
0.0
341.8
313.6
0.0
0.0
0.0
0.0
0.0
0.0
0.0
325.7
131.2
0.0
356.4
0.0
0.0
0.0
0.0
0.0
225.7
1434.0
763.2
0.0
0.0
0.0
0.0
0.0
0.0
0.0
0.0
0.0
0.0
0.0
0.0
587.5
145.5
0.0
0.0
0.0
0.0
0.0
0.0
0.0
0.0
0.0
518.7
0.0
217.6
0.0
0.0
0.0
0.0
0.0
0.0
0.0
0.0
111.2
456.3
0.0
0.0
14.6
0.0
0.0
0.0
0.0
0.0
0.0
0.0
435.2
0.0
0.0
0.0
0.0
0.0
0.0
0.0
0.0
0.0
0.0
261.2
261.6
0.0
0.0
0.0
0.0
0.0
0.0
0.0
0.0
0.0
0.0
0.0
0.0
243.8
766.4
753.4
0.0
128.5
0.0
0.0
0.0
0.0
137.0
1079.4
337.6
0.0
194.1
0.0
0.0
0.0
0.0
0.0
0.0
0.0
0.0
0.0
340.3
0.0
34.2
112.0
261.0
0.1
428.1
0.0
147.5
0.0
356.2
226.2
348.3
332.1
568.3
66.0
0.0
0.0
0.0
0.0
0.0
0.0
0.0
0.0
0.0
0.0
389.6
142.6
104.7
0.0
483.5
0.0
0.0
256.2
0.0
306.6
141.1
460.4
0.0
352.8
0.0
0.0
0.0
0.0
0.0
0.0
0.0
685.5
1248.0
1033.5
515.4
193.5
528.6
0.0
0.0
0.0
0.0
0.0
0.0
240.9
0.0
0.0
249.7
0.0
104.2
227.6
0.0
0.0
0.0
0.0
0.0
0.0
0.0
0.0
932.7
130.2
127.1
0.0
0.0
274.8
289.8
135.2
0.0
590.5
0.0
76.5
248.2
141.7
344.6
329.0
0.0
0.0
0.0
0.0
0.0
0.0
0.0
526.1
332.9
0.0
169.5
381.9
388.6
0.0
0.0
198.7
276.0
353.5
0.0
679.2
194.5
0.0
194.6
0.0
0.0
0.0
0.0
0.0
0.0
0.0
1046.7
177.2
845.0
0.0
582.5
440.3
489.0
0.0
0.0
0.0
277.5
366.9
451.2
866.2
343.3
170.1
291.8
0.0
0.0
0.0
0.0
0.0
0.0
1182.6
857.0
1038.2
259.5
298.1
152.5
0.0
184.0
0.0
0.0
295.9
871.4
0.0
81.6
259.1
301.4
0.0
0.0
0.0
0.0
0.0
0.0
0.0
0.0
0.0
0.0
0.0
0.0
0.0
170.6
247.4
0.0
86.2
0.0
0.0
0.0
0.0
244.3
0.0
249.5
0.0
284.9
122.8
0.0
0.0
0.0
0.0
0.0
0.0
0.0
2298.5
693.9
376.9
0.0
186.0
212.6
193.4
488.5
0.0
0.0
0.0
0.0
0.0
0.0
0.0
0.0
0.0
14.6
0.0
0.0
0.0
0.0
862.9
296.5
780.7
415.2
0.0
0.0
0.0
0.0
0.0
126.5
0.0
504.9
285.6
187.5
0.0
215.0
295.2
0.0
0.0
0.0
0.0
0.0
0.0
0.0
0.0
0.0
632.8
521.2
0.0
0.0
0.0
0.0
0.0
0.0
0.0
0.0
266.9
0.0
0.0
0.0
0.0
124.5
0.0
0.0
0.0
0.0
0.0
0.0
0.0
486.2
212.5
402.3
0.0
0.0
0.0
0.0
0.0
0.0
0.0
0.0
0.0
197.4
454.8
0.0
0.0
0.0
0.0
0.0
0.0
0.0
0.0
0.0
132.2
1530.2
0.0
0.0
0.0
0.0
306.2
195.3
0.0
140.6
0.0
0.0
0.0
452.6
0.0
0.0
188.0
508.4
459.7
0.0
0.0
0.0
0.0
0.0
518.6
1296.2
878.5
411.5
0.0
302.7
0.0
65.0
0.0
0.0
0.0
350.2
0.0
175.9
0.0
0.0
238.2
815.5
0.0
0.0
0.0
0.0
0.0
0.0
562.4
1712.6
281.2
0.0
287.8
121.8
301.2
269.3
0.0
0.0
0.0
0.0
334.7
154.6
0.0
0.0
0.0
0.0
0.0
0.0
0.0
0.0
0.0
0.0
0.0
0.0
1799.8
289.0
0.0
670.8
247.6
0.0
0.0
500.3
118.0
356.0
7.5
0.0
764.7
144.7
364.0
145.1
0.0
0.0
0.0
0.0
0.0
0.0
0.0
0.0
0.0
482.4
215.2
0.0
0.0
637.0
148.9
0.0
33.3
328.1
0.0
0.0
0.0
483.6
0.0
22.1
0.0
0.0
0.0
0.0
0.0
0.0
0.0
644.5
0.0
0.0
0.0
0.0
0.0
0.0
0.0
0.0
0.0
0.0
0.0
320.2
0.0
0.0
0.0
368.8
67.6
0.0
0.0
0.0
0.0
0.0
0.0
1278.8
985.0
688.5
385.5
513.6
60.8
94.5
346.4
368.3
99.6
272.2
349.1
0.0
767.3
780.4
217.9
97.5
0.0
0.0
0.0
0.0
0.0
0.0
131.8
0.0
0.0
0.0
0.0
0.0
0.0
0.0
0.0
0.0
0.0
0.0
0.0
337.4
0.0
0.0
0.0
0.0
0.0
0.0
0.0
0.0
0.0
0.0
0.0
0.0
1184.0
707.8
263.8
0.0
0.0
0.0
22.3
557.5
0.0
446.4
106.0
302.7
81.6
0.0
0.0
0.0
0.0
0.0
0.0
0.0
0.0
0.0
0.0
0.0
0.0
0.0
0.0
0.0
0.0
714.9
90.7
290.0
0.0
0.0
0.0
0.0
0.0
0.0
0.0
0.0
0.0
0.0
0.0
0.0
0.0
0.0
0.0
0.0
285.3
170.8
162.1
413.5
0.0
179.4
308.3
574.2
1058.7
0.0
23.3
0.0
0.0
555.2
438.9
252.6
83.4
0.0
0.0
0.0
0.0
0.0
0.0
0.0
0.0
0.0
0.0
0.0
0.0
0.0
0.0
0.0
735.0
74.5
0.0
0.0
514.8
308.1
99.2
0.0
0.0
0.0
0.0
0.0
0.0
0.0
0.0
647.1
1245.4
213.7
0.0
0.0
0.0
0.0
0.0
0.0
0.0
0.0
176.1
224.8
160.3
319.9
203.2
0.0
0.0
0.0
0.0
0.0
0.0
12.6
0.0
130.9
365.6
76.7
0.0
0.0
201.8
272.5
0.0
0.0
128.2
0.0
0.0
152.8
168.7
466.9
476.3
223.1
107.8
0.0
0.0
0.0
0.0
0.0
152.6
1522.6
1236.1
0.0
729.6
142.0
1029.7
281.3
0.0
0.0
0.0
198.1
0.0
286.0
0.0
787.1
199.3
412.2
0.0
0.0
0.0
0.0
0.0
0.0
0.0
0.0
0.0
0.0
179.1
361.7
352.6
0.0
0.0
0.0
150.4
225.2
0.0
0.0
0.0
565.5
0.0
302.7
0.0
0.0
0.0
0.0
0.0
0.0
0.0
422.0
877.0
818.4
0.0
0.0
238.4
482.4
567.0
0.0
434.4
138.2
351.6
701.8
0.0
269.8
268.6
0.0
0.0
0.0
0.0
0.0
0.0
0.0
0.0
1029.7
431.5
1095.6
0.0
0.0
0.0
259.6
0.0
0.0
0.0
0.0
329.4
165.3
494.7
0.0
0.0
0.0
0.0
0.0
0.0
0.0
0.0
0.0
0.0
0.0
0.0
0.0
8.6
0.0
0.0
270.8
0.0
543.2
127.8
47.6
285.5
193.9
792.6
118.2
0.0
137.4
0.0
0.0
0.0
0.0
0.0
0.0
0.0
1258.9
960.5
534.5
64.8
0.0
632.4
0.0
0.0
0.0
0.0
0.0
0.0
0.0
559.1
0.0
65.6
84.6
0.0
0.0
0.0
0.0
0.0
0.0
0.0
0.0
0.0
227.6
0.0
0.0
0.0
0.0
0.0
0.0
0.0
94.1
0.0
357.0
333.4
653.5
0.0
512.5
193.6
0.0
0.0
0.0
0.0
0.0
0.0
1042.5
947.3
821.5
138.3
0.0
0.0
0.0
0.0
125.7
171.5
116.2
279.8
0.0
440.7
212.0
278.4
0.0
611.1
0.0
0.0
0.0
0.0
0.0
0.0
0.0
309.4
0.0
124.0
0.0
0.0
0.0
0.0
0.0
0.0
170.5
0.0
0.0
184.9
0.0
167.8
76.4
0.0
0.0
0.0
0.0
0.0
0.0
0.0
0.0
0.0
0.0
0.0
492.5
209.9
0.0
0.0
2.0
194.3
0.0
0.0
198.7
333.8
0.0
169.0
0.0
129.5
0.0
0.0
0.0
0.0
0.0
0.0
0.0
0.0
0.0
0.0
267.9
187.9
105.5
169.1
467.2
448.4
0.0
393.9
358.0
1149.7
0.0
661.2
420.8
0.0
0.0
0.0
0.0
0.0
0.0
618.5
1879.9
299.4
842.5
0.0
100.5
413.8
0.0
0.0
195.4
0.0
0.0
0.0
137.8
113.3
262.8
330.2
0.0
0.0
0.0
0.0
0.0
0.0
0.0
341.2
1246.5
606.5
0.0
0.0
0.0
48.0
401.5
247.0
232.2
0.0
0.0
0.0
0.0
1412.8
255.8
231.3
0.0
0.0
0.0
0.0
0.0
0.0
0.0
1854.2
463.0
807.8
161.6
0.0
0.0
0.0
0.0
0.0
0.0
589.8
0.0
0.0
0.0
195.3
0.0
357.0
84.5
0.0
0.0
0.0
0.0
0.0
0.0
0.0
677.1
836.5
354.0
0.0
0.0
0.0
218.2
577.5
0.0
0.0
0.0
115.7
0.0
0.0
0.0
0.0
0.0
0.0
0.0
0.0
0.0
0.0
0.0
0.0
0.0
0.0
87.8
169.9
0.0
0.0
0.0
0.0
0.0
0.0
0.0
0.0
0.0
0.0
288.3
804.1
0.0
0.0
0.0
0.0
0.0
0.0
0.0
0.0
0.0
1135.8
347.3
0.0
0.0
0.0
0.0
0.0
0.0
0.0
0.0
221.3
0.0
807.0
808.2
283.4
696.6
201.6
0.0
0.0
0.0
0.0
0.0
0.0
0.0
0.0
237.8
253.1
0.0
250.2
0.0
0.0
0.0
242.4
0.0
0.0
0.0
0.0
0.0
0.0
89.9
0.0
0.0
0.0
0.0
0.0
0.0
160.4
2683.8
454.9
302.7
0.0
0.0
0.0
0.0
0.0
0.0
0.0
0.0
0.0
173.8
194.9
0.0
0.0
0.0
0.0
0.0
0.0
0.0
0.0
0.0
0.0
0.0
506.3
0.0
0.0
88.3
693.0
231.1
144.9
183.9
0.0
0.0
0.0
0.0
0.0
563.8
0.0
0.0
0.0
0.0
0.0
0.0
0.0
0.0
0.0
0.0
1257.5
778.4
0.0
0.0
0.0
172.0
201.3
204.9
0.0
0.0
0.0
0.0
0.0
307.7
204.3
199.8
0.0
0.0
0.0
0.0
0.0
0.0
0.0
0.0
483.6
539.9
235.0
318.1
420.8
556.1
135.1
218.0
0.0
0.0
202.1
0.0
259.2
353.1
715.9
0.0
0.0
0.0
0.0
0.0
0.0
0.0
0.0
0.0
0.0
0.0
0.0
0.0
0.0
590.0
316.1
111.7
487.1
106.1
127.8
309.3
0.0
63.0
169.5
194.9
676.9
0.0
0.0
0.0
0.0
0.0
0.0
0.0
0.0
1164.2
135.6
0.0
0.0
348.3
0.0
0.0
412.4
0.0
253.7
0.0
218.1
896.5
456.6
56.2
323.9
0.0
0.0
0.0
0.0
0.0
0.0
869.6
1675.2
303.3
123.5
0.0
127.3
68.7
0.0
0.0
0.0
0.0
0.0
0.0
0.0
0.0
0.0
0.0
0.0
0.0
0.0
0.0
0.0
0.0
0.0
0.0
1313.0
155.2
0.0
0.0
0.0
0.0
164.7
0.0
0.0
0.0
462.2
202.2
533.7
461.6
0.0
394.3
0.0
0.0
0.0
0.0
0.0
0.0
0.0
1570.3
553.5
0.0
111.9
119.5
0.0
0.0
0.0
0.0
0.0
207.3
341.8
299.2
380.3
137.1
0.0
920.9
0.0
0.0
0.0
234.9
168.2
0.0
1740.4
1775.9
896.7
170.4
0.0
0.0
0.0
0.0
0.0
0.0
0.0
0.0
160.4
369.5
109.2
0.0
0.0
0.0
0.0
0.0
0.0
0.0
0.0
0.0
0.0
0.0
582.1
671.2
315.2
0.0
0.0
0.0
241.3
380.4
234.3
242.8
0.0
276.7
0.0
413.1
0.0
0.0
39.6
0.0
0.0
0.0
38.0
0.0
0.0
0.0
0.0
0.0
0.0
0.0
0.0
0.0
54.3
0.0
542.5
304.1
285.3
0.0
781.8
236.0
106.2
0.0
302.3
0.0
0.0
0.0
0.0
0.0
0.0
0.0
1686.5
305.8
103.1
0.0
0.0
0.0
0.0
0.0
0.0
0.0
410.3
80.6
102.1
0.0
321.1
0.0
0.0
0.0
0.0
0.0
0.0
0.0
0.0
0.0
0.0
176.2
297.5
0.0
528.0
0.0
283.6
0.0
0.0
240.6
32.2
173.3
555.0
0.0
0.0
277.4
0.0
0.0
0.0
0.0
0.0
0.0
0.0
0.0
0.0
0.0
0.0
0.0
0.0
0.0
0.0
0.0
184.8
0.0
184.2
0.0
729.8
165.1
141.4
0.0
0.0
0.0
0.0
0.0
0.0
0.0
0.0
818.2
651.1
375.6
488.4
148.5
308.1
0.0
0.0
0.0
235.8
85.8
0.0
121.9
0.0
500.4
814.0
0.0
0.0
0.0
0.0
0.0
27.5
0.0
1929.5
1743.8
177.2
0.0
0.0
0.0
0.0
301.9
0.0
533.5
0.0
0.0
428.9
364.8
172.8
327.7
705.8
0.0
0.0
0.0
0.0
0.0
0.0
0.0
0.0
0.0
0.0
0.0
0.0
0.0
0.0
0.0
0.0
0.0
0.0
0.0
0.0
0.0
296.0
770.6
453.5
0.0
0.0
0.0
0.0
0.0
0.0
0.0
795.6
559.3
362.1
223.8
0.0
355.6
26.1
0.0
569.8
0.0
0.0
0.0
0.0
234.4
0.0
0.0
0.0
668.2
420.6
0.0
0.0
0.0
0.0
0.0
0.0
0.0
0.0
181.9
129.2
161.4
0.0
0.0
0.0
0.0
279.6
0.0
0.0
0.0
0.0
0.0
0.0
0.0
0.0
0.0
0.0
0.0
0.0
0.0
0.0
1940.1
3858.5
618.0
498.2
0.0
669.5
89.2
232.1
690.5
47.5
0.0
0.0
0.0
0.0
223.9
219.3
491.3
0.0
278.9
0.0
0.0
0.0
0.0
0.0
0.0
1070.8
620.8
0.0
0.0
0.0
690.8
0.0
0.0
0.0
380.2
0.0
104.5
412.6
151.3
274.2
269.0
0.0
0.0
0.0
0.0
0.0
0.0
0.0
0.0
0.0
0.0
0.0
0.0
143.5
223.4
388.5
0.0
106.5
155.9
0.0
18.7
183.8
0.0
304.1
662.8
0.0
0.0
0.0
0.0
0.0
0.0
0.0
0.0
198.7
0.0
0.0
0.0
0.0
0.0
0.0
163.5
302.2
0.0
0.0
0.0
0.0
0.0
255.3
210.9
0.0
0.0
0.0
0.0
0.0
0.0
0.0
208.7
1019.5
593.1
96.2
329.3
0.0
0.0
0.0
0.0
287.2
0.0
246.3
888.0
189.9
391.2
0.0
0.0
0.0
0.0
0.0
0.0
0.0
0.0
750.3
990.1
765.4
451.7
0.0
0.0
0.0
0.0
0.0
0.0
0.0
0.0
521.5
0.0
0.0
0.0
0.0
0.0
0.0
0.0
0.0
0.0
0.0
565.9
186.2
0.0
0.0
0.0
0.0
0.0
0.0
0.0
242.5
557.4
0.0
152.7
263.9
0.0
306.1
193.3
146.1
597.1
0.0
0.0
0.0
0.0
0.0
0.0
0.0
0.0
223.3
323.9
322.6
0.0
0.0
147.1
175.1
0.0
519.0
311.9
0.0
368.0
809.7
271.4
259.7
298.3
221.9
0.0
0.0
0.0
0.0
0.0
0.0
0.0
0.0
747.1
665.0
274.3
88.6
1043.1
166.2
213.7
0.0
29.7
283.6
0.0
0.0
0.0
917.7
5.9
0.0
0.0
0.0
0.0
0.0
0.0
1006.9
2061.8
637.2
0.0
0.0
0.0
147.2
841.2
562.5
234.5
0.0
582.0
110.1
114.4
151.0
0.0
428.1
0.0
0.0
0.0
0.0
0.0
0.0
0.0
0.0
488.4
112.9
932.4
355.6
270.8
398.4
56.4
58.2
0.0
0.0
198.3
0.0
225.6
366.1
293.5
425.2
187.2
0.0
0.0
0.0
0.0
0.0
0.0
0.0
0.0
269.9
0.0
0.0
0.0
0.0
868.3
0.0
102.0
295.8
476.7
0.0
0.0
0.0
0.0
0.0
143.8
0.0
0.0
0.0
0.0
0.0
59.0
1650.1
1602.8
365.6
395.3
489.1
0.0
0.0
0.0
0.0
0.0
470.5
56.6
0.0
502.6
316.8
221.5
167.6
137.6
156.9
0.0
0.0
0.0
0.0
0.0
0.0
0.0
1053.6
540.3
151.3
57.0
0.0
0.0
410.9
354.4
0.0
283.2
63.0
0.0
337.2
0.0
222.9
305.2
0.0
0.0
0.0
0.0
0.0
0.0
1129.7
837.5
0.0
0.0
0.0
51.3
0.0
623.5
103.6
149.2
554.4
0.0
76.1
246.6
0.0
0.0
253.7
0.0
0.0
0.0
0.0
0.0
0.0
0.0
0.0
1050.0
1265.2
34.9
0.0
0.0
0.0
379.3
0.0
0.0
0.0
0.0
122.0
671.8
0.0
327.4
0.0
0.0
0.0
0.0
0.0
0.0
0.0
0.0
0.0
550.1
0.0
0.0
0.0
514.4
263.4
533.1
0.0
0.0
0.0
0.0
0.0
0.0
0.0
1291.0
331.6
0.9
128.6
556.4
0.0
0.0
0.0
0.0
0.0
0.0
1321.2
621.0
171.4
0.0
485.7
528.8
149.7
323.2
305.1
738.5
301.4
195.9
632.6
261.6
128.3
83.8
0.0
0.0
0.0
0.0
0.0
0.0
0.0
0.0
0.0
0.0
0.0
0.0
0.0
0.0
0.0
0.0
0.0
178.7
0.0
187.7
278.9
363.4
0.0
0.0
0.0
0.0
0.0
0.0
0.0
0.0
0.0
675.2
695.1
371.8
265.4
108.8
685.9
0.0
212.2
0.0
598.3
445.0
0.0
0.0
221.1
0.0
488.3
0.0
0.0
0.0
0.0
0.0
0.0
0.0
0.0
0.0
990.0
1261.2
168.2
210.5
0.0
0.0
141.0
0.0
252.3
230.8
0.0
0.0
0.0
0.0
80.8
0.0
0.0
0.0
0.0
0.0
0.0
0.0
0.0
0.0
489.9
546.6
0.0
0.0
0.0
0.0
0.0
0.0
0.0
25.4
4.3
839.6
0.0
0.0
0.0
0.0
0.0
0.0
0.0
0.0
0.0
0.0
0.0
0.0
258.2
106.7
0.0
0.0
0.0
0.0
0.0
0.0
0.0
189.0
159.0
182.0
324.9
485.1
251.6
339.5
0
