0.05941 0.05941 0.05941 0.05941 0.05941 0.05941 0.05941 0.05941 0.05941 0.05941 0.05941 0.05941 0.05941 0.05941 0.05941 0.05941 0.05941 0.05941 0.05941 0.05941 0.05941 0.05941 0.05941 0.05941
0.05941 0.05941 0.05941 0.05941 0.05941 0.05941 0.05941 0.05941 0.05941 0.05941 0.05941 0.05941 0.05941 0.05941 0.05941 0.05941 0.05941 0.05941 0.05941 0.05941 0.05941 0.05941 0.05941 0.05941
0.05941 0.05941 0.05941 0.05941 0.05941 0.05941 0.05941 0.05941 0.05941 0.05941 0.05941 0.05941 0.05941 0.05941 0.05941 0.05941 0.05941 0.05941 0.05941 0.05941 0.05941 0.05941 0.05941 0.05941
0.0546  0.0546  0.0546  0.0546  0.0546  0.0546  0.0546  0.0546  0.0546  0.0546  0.0546  0.0546  0.0546  0.0546  0.0546  0.0546  0.0546  0.0546  0.0546  0.0546  0.0546  0.0546  0.0546  0.0546 
0.0546  0.0546  0.0546  0.0546  0.0546  0.0546  0.0546  0.0546  0.0546  0.0546  0.0546  0.0546  0.0546  0.0546  0.0546  0.0546  0.0546  0.0546  0.0546  0.0546  0.0546  0.0546  0.0546  0.0546 
0.0546  0.0546  0.0546  0.0546  0.0546  0.0546  0.0546  0.0546  0.0546  0.0546  0.0546  0.0546  0.0546  0.0546  0.0546  0.0546  0.0546  0.0546  0.0546  0.0546  0.0546  0.0546  0.0546  0.0546 
0.04989 0.04989 0.04989 0.04989 0.04989 0.04989 0.04989 0.04989 0.04989 0.04989 0.04989 0.04989 0.04989 0.04989 0.04989 0.04989 0.04989 0.04989 0.04989 0.04989 0.04989 0.04989 0.04989 0.04989
0.04989 0.04989 0.04989 0.04989 0.04989 0.04989 0.04989 0.04989 0.04989 0.04989 0.04989 0.04989 0.04989 0.04989 0.04989 0.04989 0.04989 0.04989 0.04989 0.04989 0.04989 0.04989 0.04989 0.04989
0.04989 0.04989 0.04989 0.04989 0.04989 0.04989 0.04989 0.04989 0.04989 0.04989 0.04989 0.04989 0.04989 0.04989 0.04989 0.04989 0.04989 0.04989 0.04989 0.04989 0.04989 0.04989 0.04989 0.04989
0.05302 0.05302 0.05302 0.05302 0.05302 0.05302 0.05302 0.05302 0.05302 0.05302 0.05302 0.05302 0.05302 0.05302 0.05302 0.05302 0.05302 0.05302 0.05302 0.05302 0.05302 0.05302 0.05302 0.05302
0.05302 0.05302 0.05302 0.05302 0.05302 0.05302 0.05302 0.05302 0.05302 0.05302 0.05302 0.05302 0.05302 0.05302 0.05302 0.05302 0.05302 0.05302 0.05302 0.05302 0.05302 0.05302 0.05302 0.05302
0.05302 0.05302 0.05302 0.05302 0.05302 0.05302 0.05302 0.05302 0.05302 0.05302 0.05302 0.05302 0.05302 0.05302 0.05302 0.05302 0.05302 0.05302 0.05302 0.05302 0.05302 0.05302 0.05302 0.05302

